3[49] 2[51] 2[51]
5[67] 2[51] 2[51]
3[55] 2[57] 2[57]
5[73] 2[57] 2[57]
3[43] 2[46] 2[46]
3[37] 2[46] 2[46]
3[49] 2[51] 2[51]
3[43] 2[51] 2[51]
3[49] 2[51] 4[61]
5[73] 4[74] 5[72]
3[55] 2[57] 2[57]
5[73] 2[57] 2[57]
5[67] 4[68] 3[55]
3[43] 2[46] 2[46]
3[49] 2[51] 2[51]
3[43] 2[46] 2[46]
3[49] 2[51] 4[61]
5[73] 4[74] 5[72]
3[55] 2[57] 2[57]
5[73] 2[57] 2[57]
5[67] 4[68] 3[55]
3[43] 2[46] 2[46]
3[49] 2[51] 2[51]
3[43] 2[51] 2[51]
3[49] 2[51] 2[51]
5[67] 2[51] 2[51]
3[55] 2[57] 2[57]
5[73] 2[57] 2[57]
3[43] 2[46] 2[46]
3[37] 2[46] 2[46]
3[49] 2[51] 2[51]
3[43] 2[51] 2[51]
3[49] 2[51] 4[61]
5[73] 4[74] 5[72]
3[55] 2[57] 2[57]
5[73] 2[57] 2[57]
5[67] 4[68] 3[55]
3[43] 2[46] 2[46]
3[49] 2[51] 2[51]
3[43] 2[46] 2[46]
3[49] 2[51] 4[61]
5[73] 4[74] 5[72]
3[55] 2[57] 2[57]
5[73] 2[57] 2[57]
5[67] 4[68] 3[55]
3[43] 2[46] 2[46]
3[49] 2[51] 2[51]
3[49]2[51]